0
0
0.000171203561034069
0
0
0
0
0
0
0
0
0
0
0
0
0
0
0
0
0
0
0
0
0
0
0
0.0337574655933524
0
0
0
0
0
0
0
0
0
0
0
0
0
0
0
0
0
0
0
0
0
0
0
0
0
0
0
0
0
0.00050125313283208
0
0
0
0
0.000998502246630055
0
0
0.000499251123315027
0
0.000499001996007984
0
0
0
0
0
0
0
0
0
0.000499001996007984
0
0
0
0
0
0
0
0
0
0
0
0
0
0
0
0
0
0
0
0
0.000499001996007984
0
0
0
0
0
0
0
0
0.00149775336994508
0
0
0
0
0
0
0
0
0
0
0
0
0
0
0
0
0
0
0
0
0
0
0
0
0
0
0.000499251123315027
0
0
0
0
0
0
0.000499251123315027
0
0.000499001996007984
0
0.000998502246630055
0
0
0.000499001996007984
0
0.000499251123315027
0
0
0
0
0
0
0
0
0
0
0
0
0
0
0
0
0
0
0
0
0
0
0
0
0
0.000718390804597701
0
0
0
0
0
0
0.000718390804597701
0
0
0
0
0
0
0
0
0
0
0
0
0
0.000718390804597701
0
0
0
0
0
0
0
0
0
0
0
0
0
0
0
0
0
0
0
0
0
0
0.000718390804597701
0.000718390804597701
0
0
0
0
0
0
0
0
0
0
0
0
0
0
0
0
0
0.000718390804597701
0
0
0
0.0014367816091954
0.000717875089734386
0
0
0
0
0
0
0.000718390804597701
0.000718907260963336
0
0
0
0
0
